-2.621046 -2.617195 4.941226 1.548937 
-2.621046 -2.614087 10.326511 0.859610 
-2.621046 -2.611576 13.406594 0.762381 
-2.621046 -2.608933 18.583193 0.623377 
-2.621046 -2.607431 22.952198 0.642871 
-2.621046 -2.606795 25.372793 0.864396 
-2.621046 -2.607561 27.038029 0.765245 
-2.621046 -2.608386 27.333303 0.767495 
-2.621046 -2.609961 25.321615 0.892352 
-2.621046 -2.611222 21.422365 0.971069 
-2.621046 -2.613824 19.033382 0.626488 
-2.621046 -2.617898 15.116682 0.615755 
-2.621046 -2.620810 11.454761 0.715076 
-2.621046 -2.622179 9.737966 0.626358 
-2.621046 -2.624876 10.513020 1.011646 
-2.621046 -2.627480 15.925609 1.742794 
-2.621046 -2.628990 18.793961 2.931386 
-2.621046 -2.627922 22.277641 2.961655 
-2.621046 -2.627445 25.637564 2.416180 
-2.621046 -2.625640 30.552231 2.262753 
2.065450 2.061534 6.508828 3.168428 
2.065450 2.059030 13.908821 2.804138 
2.065450 2.057258 20.504389 2.735172 
2.065450 2.053911 25.961531 2.853125 
2.065450 2.052617 32.384361 2.845717 
2.065450 2.053016 36.331394 3.042210 
2.065450 2.051600 36.640194 3.217084 
2.065450 2.050685 35.458462 3.268907 
2.065450 2.052283 31.669434 3.803779 
2.065450 2.052936 26.244179 4.289843 
2.065450 2.054265 24.581944 4.099542 
2.065450 2.057315 24.713699 4.853025 
2.065450 2.053681 8.625916 7.014457 
2.065450 2.056467 5.074778 9.984381 
2.065450 2.060647 9.708011 9.206905 
2.065450 2.064886 14.716483 2.616536 
2.065450 2.068369 20.106367 1.171396 
2.065450 2.074750 24.800812 1.019751 
2.065450 2.085383 30.782782 1.438689 
2.065450 2.095375 38.736111 1.591640 
-0.399925 -0.395933 7.439726 5.566170 
-0.399925 -0.394369 11.910630 5.447834 
-0.399925 -0.392829 38.598843 5.538783 
-0.399925 -0.388193 16.057148 4.009163 
-0.399925 -0.388390 17.284008 5.120133 
-0.399925 -0.386618 25.780846 4.057878 
-0.399925 -0.386332 25.509737 4.805149 
-0.399925 -0.387670 23.094837 5.292034 
